3.666311611557424716e-02
1.574722036843499359e-02
3.507499875826026320e-02
-1.867398881711545763e-02
-7.439187490949600301e-02
5.282977467301217672e-02
-4.662842713178216164e-02
3.708113851173082398e-02
1.223312517461455778e-01
-1.138013757782515706e-01
-9.033318916406347932e-02
-1.124552652575205591e-01
1.298317366890195945e-01
-3.348173596486515424e-03
2.885170312167534279e-02
1.240553821288125150e-02
4.730369210568899363e-02
2.955261124531775516e-02
1.840196049783108245e-01
1.002876018349078691e-01
2.150201287408087802e-02
-7.162698664576830354e-02
1.528618131458823193e-01
3.923348777675116084e-02
-1.284613480714380529e-01
-1.220481815826009592e-01
-6.591454663919416035e-02
-1.714004065495277618e-01
-1.948812491884961695e-01
1.022907254989970371e-01
-8.232846798856628678e-03
2.791569022011173087e-02
-1.192336658573919239e-01
-1.341544634931741281e-02
1.052307364080704577e-01
-8.677134366068230131e-02
9.530333946039908077e-02
-8.102476775987170476e-02
-2.919895316806468688e-02
6.635617965538631591e-02
-2.562771066012729110e-02
4.344350284535078432e-02
1.479736484857706313e-02
-1.650904733754947340e-01
-1.171703075446059311e-01
5.934317925443976377e-02
1.837255035829936725e-02
-5.283702290198853679e-02
-7.745033793237451544e-03
-1.298630984247616145e-02
4.760480870781653301e-02
4.762961469416625293e-02
-1.916000255278695052e-01
1.709840483849328630e-01
1.601622760909165999e-01
-1.302574835203291481e-01
3.071432485125134490e-02
-3.654127598705762814e-02
-2.910190488969135458e-01
5.670394721369872298e-02
-1.269197735706978081e-01
-1.233445057297189243e-02
-2.695456503593461894e-01
-5.922590822818919742e-02
1.213552111452100880e-02
-1.003127363509638409e-01
1.483468562123845258e-01
-3.745188298317043366e-03
3.671602300974089600e-02
6.997232963262044192e-02
-2.748119763804324212e-02
9.900131749455748364e-02
4.693374946202972381e-02
2.916833279995263428e-01
-1.449321818072305153e-02
-3.119094172772857859e-02
3.201661733074418620e-02
4.424573008731904483e-02
-2.577756774696702766e-02
1.522963660535826269e-01
-1.701849246350704004e-01
6.368030771060574635e-02
4.650341256886362379e-02
8.060049588763786022e-02
-1.919045742507476116e-02
1.099766457083208443e-01
-1.832760995723725639e-01
5.144634191980500260e-02
2.946793035697120589e-02
5.904273838303637084e-02
1.365230304635877689e-01
-3.185359387712712737e-02
-5.070218021688923521e-02
-1.211761609215464275e-01
-2.555649537931453316e-02
-6.546518308401123865e-02
-2.990599114876708181e-02
-8.246740358813264837e-02
1.773906016614637260e-01
-7.419946071497821038e-02
4.679403602075166146e-02
-2.525031205145981603e-02
1.392235272524680600e-01
6.078051957142740352e-02
4.036733728657829895e-02
6.258605357228252952e-02
4.797543523560744705e-02
1.290075407902367133e-01
1.349493247643829275e-01
1.388385083156899562e-02
-2.374661792394653064e-03
5.539424110757409925e-02
-1.044093186226636993e-01
3.367420422872247771e-02
-1.222224505530082328e-01
-7.598913758222489157e-02
-1.101007200317323520e-01
-2.970548710784657459e-02
-5.481696316009153358e-02
-7.233389322115956095e-03
